#lakeno iconn k i j claktype bedleak belev telev connlen connwidth
1 1 1 27 31 vertical 0.045 0.0 0.0 0.0 0.0
1 2 1 27 40 vertical 0.025 0.0 0.0 0.0 0.0
1 3 1 30 33 vertical 0.025 0.0 0.0 0.0 0.0
1 4 1 30 42 vertical 0.025 0.0 0.0 0.0 0.0
1 5 1 34 30 vertical 0.025 0.0 0.0 0.0 0.0
1 6 1 34 39 vertical 0.025 0.0 0.0 0.0 0.0
1 7 1 26 35 vertical 0.025 0.0 0.0 0.0 0.0
1 8 1 34 48 vertical 0.025 0.0 0.0 0.0 0.0
1 9 1 26 44 vertical 0.025 0.0 0.0 0.0 0.0
1 10 1 35 31 vertical 0.025 0.0 0.0 0.0 0.0
1 11 1 38 27 vertical 0.025 0.0 0.0 0.0 0.0
1 12 1 38 36 vertical 0.025 0.0 0.0 0.0 0.0
1 13 1 37 49 vertical 0.025 0.0 0.0 0.0 0.0
1 14 1 30 28 vertical 0.045 0.0 0.0 0.0 0.0
1 15 1 41 28 vertical 0.025 0.0 0.0 0.0 0.0
1 16 1 30 37 vertical 0.025 0.0 0.0 0.0 0.0
1 17 1 30 46 vertical 0.025 0.0 0.0 0.0 0.0
1 18 1 41 46 vertical 0.025 0.0 0.0 0.0 0.0
1 19 1 42 29 vertical 0.025 0.0 0.0 0.0 0.0
1 20 1 34 34 vertical 0.025 0.0 0.0 0.0 0.0
1 21 1 34 43 vertical 0.025 0.0 0.0 0.0 0.0
1 22 1 26 39 vertical 0.045 0.0 0.0 0.0 0.0
1 23 1 26 48 vertical 0.025 0.0 0.0 0.0 0.0
1 24 1 38 31 vertical 0.025 0.0 0.0 0.0 0.0
1 25 1 37 35 vertical 0.025 0.0 0.0 0.0 0.0
1 26 1 37 44 vertical 0.025 0.0 0.0 0.0 0.0
1 27 1 29 40 vertical 0.025 0.0 0.0 0.0 0.0
1 28 1 29 49 vertical 0.025 0.0 0.0 0.0 0.0
1 29 1 30 32 vertical 0.025 0.0 0.0 0.0 0.0
1 30 1 41 32 vertical 0.045 0.0 0.0 0.0 0.0
1 31 1 30 41 vertical 0.025 0.0 0.0 0.0 0.0
1 32 1 30 50 vertical 0.025 0.0 0.0 0.0 0.0
1 33 1 34 29 vertical 0.025 0.0 0.0 0.0 0.0
1 34 1 34 38 vertical 0.025 0.0 0.0 0.0 0.0
1 35 1 26 34 vertical 0.045 0.0 0.0 0.0 0.0
1 36 1 26 43 vertical 0.025 0.0 0.0 0.0 0.0
1 37 1 33 42 vertical 0.025 0.0 0.0 0.0 0.0
1 38 1 25 47 vertical 0.025 0.0 0.0 0.0 0.0
1 39 1 36 47 vertical 0.025 0.0 0.0 0.0 0.0
1 40 1 37 30 vertical 0.025 0.0 0.0 0.0 0.0
1 41 1 37 39 vertical 0.025 0.0 0.0 0.0 0.0
1 42 1 29 35 vertical 0.025 0.0 0.0 0.0 0.0
1 43 1 37 48 vertical 0.025 0.0 0.0 0.0 0.0
1 44 1 29 44 vertical 0.025 0.0 0.0 0.0 0.0
1 45 1 41 27 vertical 0.025 0.0 0.0 0.0 0.0
1 46 1 30 36 vertical 0.025 0.0 0.0 0.0 0.0
1 47 1 30 45 vertical 0.025 0.0 0.0 0.0 0.0
1 48 1 41 45 vertical 0.025 0.0 0.0 0.0 0.0
1 49 1 33 37 vertical 0.025 0.0 0.0 0.0 0.0
1 50 1 33 46 vertical 0.025 0.0 0.0 0.0 0.0
1 51 1 36 42 vertical 0.025 0.0 0.0 0.0 0.0
1 52 1 37 34 vertical 0.045 0.0 0.0 0.0 0.0
1 53 1 29 30 vertical 0.025 0.0 0.0 0.0 0.0
1 54 1 37 43 vertical 0.025 0.0 0.0 0.0 0.0
1 55 1 29 39 vertical 0.025 0.0 0.0 0.0 0.0
1 56 1 29 48 vertical 0.025 0.0 0.0 0.0 0.0
1 57 1 30 31 vertical 0.025 0.0 0.0 0.0 0.0
1 58 1 41 31 vertical 0.025 0.0 0.0 0.0 0.0
1 59 1 40 44 vertical 0.025 0.0 0.0 0.0 0.0
1 60 1 32 49 vertical 0.025 0.0 0.0 0.0 0.0
1 61 1 33 32 vertical 0.025 0.0 0.0 0.0 0.0
1 62 1 36 28 vertical 0.025 0.0 0.0 0.0 0.0
1 63 1 33 41 vertical 0.025 0.0 0.0 0.0 0.0
1 64 1 36 37 vertical 0.025 0.0 0.0 0.0 0.0
1 65 1 33 50 vertical 0.025 0.0 0.0 0.0 0.0
1 66 1 25 46 vertical 0.025 0.0 0.0 0.0 0.0
1 67 1 36 46 vertical 0.025 0.0 0.0 0.0 0.0
1 68 1 37 29 vertical 0.025 0.0 0.0 0.0 0.0
1 69 1 37 38 vertical 0.025 0.0 0.0 0.0 0.0
1 70 1 29 34 vertical 0.025 0.0 0.0 0.0 0.0
1 71 1 29 43 vertical 0.025 0.0 0.0 0.0 0.0
1 72 1 41 26 vertical 0.045 0.0 0.0 0.0 0.0
1 73 1 40 30 vertical 0.025 0.0 0.0 0.0 0.0
1 74 1 32 35 vertical 0.025 0.0 0.0 0.0 0.0
1 75 1 40 48 vertical 0.045 0.0 0.0 0.0 0.0
1 76 1 32 44 vertical 0.025 0.0 0.0 0.0 0.0
1 77 1 33 36 vertical 0.025 0.0 0.0 0.0 0.0
1 78 1 36 32 vertical 0.025 0.0 0.0 0.0 0.0
1 79 1 33 45 vertical 0.025 0.0 0.0 0.0 0.0
1 80 1 36 41 vertical 0.025 0.0 0.0 0.0 0.0
1 81 1 36 50 vertical 0.045 0.0 0.0 0.0 0.0
1 82 1 37 33 vertical 0.025 0.0 0.0 0.0 0.0
1 83 1 29 29 vertical 0.025 0.0 0.0 0.0 0.0
1 84 1 29 38 vertical 0.025 0.0 0.0 0.0 0.0
1 85 1 28 42 vertical 0.025 0.0 0.0 0.0 0.0
1 86 1 31 47 vertical 0.025 0.0 0.0 0.0 0.0
1 87 1 40 25 vertical 0.045 0.0 0.0 0.0 0.0
1 88 1 32 30 vertical 0.025 0.0 0.0 0.0 0.0
1 89 1 40 43 vertical 0.025 0.0 0.0 0.0 0.0
1 90 1 32 39 vertical 0.025 0.0 0.0 0.0 0.0
1 91 1 32 48 vertical 0.025 0.0 0.0 0.0 0.0
1 92 1 24 44 vertical 0.025 0.0 0.0 0.0 0.0
1 93 1 33 31 vertical 0.025 0.0 0.0 0.0 0.0
1 94 1 36 27 vertical 0.045 0.0 0.0 0.0 0.0
1 95 1 33 40 vertical 0.025 0.0 0.0 0.0 0.0
1 96 1 36 36 vertical 0.025 0.0 0.0 0.0 0.0
1 97 1 25 45 vertical 0.025 0.0 0.0 0.0 0.0
1 98 1 36 45 vertical 0.025 0.0 0.0 0.0 0.0
1 99 1 39 47 vertical 0.025 0.0 0.0 0.0 0.0
1 100 1 28 37 vertical 0.025 0.0 0.0 0.0 0.0
1 101 1 28 46 vertical 0.025 0.0 0.0 0.0 0.0
1 102 1 31 42 vertical 0.025 0.0 0.0 0.0 0.0
1 103 1 40 29 vertical 0.025 0.0 0.0 0.0 0.0
1 104 1 32 34 vertical 0.025 0.0 0.0 0.0 0.0
1 105 1 40 47 vertical 0.025 0.0 0.0 0.0 0.0
1 106 1 32 43 vertical 0.025 0.0 0.0 0.0 0.0
1 107 1 36 31 vertical 0.025 0.0 0.0 0.0 0.0
1 108 1 39 42 vertical 0.025 0.0 0.0 0.0 0.0
1 109 1 27 49 vertical 0.045 0.0 0.0 0.0 0.0
1 110 1 28 32 vertical 0.025 0.0 0.0 0.0 0.0
1 111 1 28 41 vertical 0.025 0.0 0.0 0.0 0.0
1 112 1 31 37 vertical 0.025 0.0 0.0 0.0 0.0
1 113 1 31 46 vertical 0.025 0.0 0.0 0.0 0.0
1 114 1 32 29 vertical 0.025 0.0 0.0 0.0 0.0
1 115 1 32 38 vertical 0.025 0.0 0.0 0.0 0.0
1 116 1 24 43 vertical 0.045 0.0 0.0 0.0 0.0
1 117 1 35 40 vertical 0.025 0.0 0.0 0.0 0.0
1 118 1 35 49 vertical 0.025 0.0 0.0 0.0 0.0
1 119 1 38 45 vertical 0.025 0.0 0.0 0.0 0.0
1 120 1 39 28 vertical 0.025 0.0 0.0 0.0 0.0
1 121 1 27 35 vertical 0.025 0.0 0.0 0.0 0.0
1 122 1 39 37 vertical 0.045 0.0 0.0 0.0 0.0
1 123 1 27 44 vertical 0.025 0.0 0.0 0.0 0.0
1 124 1 39 46 vertical 0.025 0.0 0.0 0.0 0.0
1 125 1 28 36 vertical 0.025 0.0 0.0 0.0 0.0
1 126 1 31 32 vertical 0.025 0.0 0.0 0.0 0.0
1 127 1 28 45 vertical 0.025 0.0 0.0 0.0 0.0
1 128 1 31 41 vertical 0.025 0.0 0.0 0.0 0.0
1 129 1 31 50 vertical 0.025 0.0 0.0 0.0 0.0
1 130 1 40 28 vertical 0.025 0.0 0.0 0.0 0.0
1 131 1 32 33 vertical 0.025 0.0 0.0 0.0 0.0
1 132 1 35 35 vertical 0.025 0.0 0.0 0.0 0.0
1 133 1 35 44 vertical 0.025 0.0 0.0 0.0 0.0
1 134 1 38 40 vertical 0.025 0.0 0.0 0.0 0.0
1 135 1 38 49 vertical 0.045 0.0 0.0 0.0 0.0
1 136 1 27 30 vertical 0.045 0.0 0.0 0.0 0.0
1 137 1 39 32 vertical 0.025 0.0 0.0 0.0 0.0
1 138 1 27 39 vertical 0.025 0.0 0.0 0.0 0.0
1 139 1 39 41 vertical 0.045 0.0 0.0 0.0 0.0
1 140 1 27 48 vertical 0.025 0.0 0.0 0.0 0.0
1 141 1 28 31 vertical 0.025 0.0 0.0 0.0 0.0
1 142 1 28 40 vertical 0.025 0.0 0.0 0.0 0.0
1 143 1 31 36 vertical 0.025 0.0 0.0 0.0 0.0
1 144 1 31 45 vertical 0.025 0.0 0.0 0.0 0.0
1 145 1 34 47 vertical 0.025 0.0 0.0 0.0 0.0
1 146 1 35 30 vertical 0.025 0.0 0.0 0.0 0.0
1 147 1 35 39 vertical 0.025 0.0 0.0 0.0 0.0
1 148 1 38 35 vertical 0.045 0.0 0.0 0.0 0.0
1 149 1 35 48 vertical 0.025 0.0 0.0 0.0 0.0
1 150 1 38 44 vertical 0.025 0.0 0.0 0.0 0.0
1 151 1 39 27 vertical 0.025 0.0 0.0 0.0 0.0
1 152 1 27 34 vertical 0.025 0.0 0.0 0.0 0.0
1 153 1 27 43 vertical 0.045 0.0 0.0 0.0 0.0
1 154 1 31 31 vertical 0.025 0.0 0.0 0.0 0.0
1 155 1 42 28 vertical 0.045 0.0 0.0 0.0 0.0
1 156 1 34 33 vertical 0.025 0.0 0.0 0.0 0.0
1 157 1 42 46 vertical 0.045 0.0 0.0 0.0 0.0
1 158 1 34 42 vertical 0.025 0.0 0.0 0.0 0.0
1 159 1 26 38 vertical 0.045 0.0 0.0 0.0 0.0
1 160 1 26 47 vertical 0.025 0.0 0.0 0.0 0.0
1 161 1 35 34 vertical 0.025 0.0 0.0 0.0 0.0
1 162 1 38 30 vertical 0.025 0.0 0.0 0.0 0.0
1 163 1 35 43 vertical 0.025 0.0 0.0 0.0 0.0
1 164 1 38 39 vertical 0.025 0.0 0.0 0.0 0.0
1 165 1 38 48 vertical 0.025 0.0 0.0 0.0 0.0
1 166 1 27 29 vertical 0.045 0.0 0.0 0.0 0.0
1 167 1 39 31 vertical 0.025 0.0 0.0 0.0 0.0
1 168 1 27 38 vertical 0.025 0.0 0.0 0.0 0.0
1 169 1 27 47 vertical 0.025 0.0 0.0 0.0 0.0
1 170 1 30 40 vertical 0.025 0.0 0.0 0.0 0.0
1 171 1 30 49 vertical 0.025 0.0 0.0 0.0 0.0
1 172 1 34 28 vertical 0.025 0.0 0.0 0.0 0.0
1 173 1 34 37 vertical 0.025 0.0 0.0 0.0 0.0
1 174 1 34 46 vertical 0.025 0.0 0.0 0.0 0.0
1 175 1 35 29 vertical 0.025 0.0 0.0 0.0 0.0
1 176 1 35 38 vertical 0.025 0.0 0.0 0.0 0.0
1 177 1 38 43 vertical 0.025 0.0 0.0 0.0 0.0
1 178 1 37 47 vertical 0.025 0.0 0.0 0.0 0.0
1 179 1 27 33 vertical 0.045 0.0 0.0 0.0 0.0
1 180 1 30 35 vertical 0.025 0.0 0.0 0.0 0.0
1 181 1 30 44 vertical 0.025 0.0 0.0 0.0 0.0
1 182 1 41 44 vertical 0.025 0.0 0.0 0.0 0.0
1 183 1 34 32 vertical 0.025 0.0 0.0 0.0 0.0
1 184 1 42 45 vertical 0.045 0.0 0.0 0.0 0.0
1 185 1 34 41 vertical 0.025 0.0 0.0 0.0 0.0
1 186 1 26 37 vertical 0.025 0.0 0.0 0.0 0.0
1 187 1 34 50 vertical 0.025 0.0 0.0 0.0 0.0
1 188 1 26 46 vertical 0.025 0.0 0.0 0.0 0.0
1 189 1 38 29 vertical 0.025 0.0 0.0 0.0 0.0
1 190 1 37 42 vertical 0.025 0.0 0.0 0.0 0.0
1 191 1 29 47 vertical 0.025 0.0 0.0 0.0 0.0
1 192 1 30 30 vertical 0.025 0.0 0.0 0.0 0.0
1 193 1 41 30 vertical 0.025 0.0 0.0 0.0 0.0
1 194 1 30 39 vertical 0.025 0.0 0.0 0.0 0.0
1 195 1 30 48 vertical 0.025 0.0 0.0 0.0 0.0
1 196 1 42 31 vertical 0.045 0.0 0.0 0.0 0.0
1 197 1 34 36 vertical 0.025 0.0 0.0 0.0 0.0
1 198 1 34 45 vertical 0.025 0.0 0.0 0.0 0.0
1 199 1 33 49 vertical 0.025 0.0 0.0 0.0 0.0
1 200 1 37 28 vertical 0.025 0.0 0.0 0.0 0.0
1 201 1 37 37 vertical 0.025 0.0 0.0 0.0 0.0
1 202 1 29 33 vertical 0.025 0.0 0.0 0.0 0.0
1 203 1 37 46 vertical 0.025 0.0 0.0 0.0 0.0
1 204 1 29 42 vertical 0.025 0.0 0.0 0.0 0.0
1 205 1 30 34 vertical 0.025 0.0 0.0 0.0 0.0
1 206 1 30 43 vertical 0.025 0.0 0.0 0.0 0.0
1 207 1 41 43 vertical 0.025 0.0 0.0 0.0 0.0
1 208 1 34 31 vertical 0.025 0.0 0.0 0.0 0.0
1 209 1 26 36 vertical 0.025 0.0 0.0 0.0 0.0
1 210 1 33 35 vertical 0.025 0.0 0.0 0.0 0.0
1 211 1 33 44 vertical 0.025 0.0 0.0 0.0 0.0
1 212 1 36 40 vertical 0.025 0.0 0.0 0.0 0.0
1 213 1 36 49 vertical 0.025 0.0 0.0 0.0 0.0
1 214 1 37 32 vertical 0.025 0.0 0.0 0.0 0.0
1 215 1 29 28 vertical 0.045 0.0 0.0 0.0 0.0
1 216 1 37 41 vertical 0.025 0.0 0.0 0.0 0.0
1 217 1 29 37 vertical 0.025 0.0 0.0 0.0 0.0
1 218 1 29 46 vertical 0.025 0.0 0.0 0.0 0.0
1 219 1 30 29 vertical 0.025 0.0 0.0 0.0 0.0
1 220 1 41 29 vertical 0.025 0.0 0.0 0.0 0.0
1 221 1 30 38 vertical 0.025 0.0 0.0 0.0 0.0
1 222 1 32 47 vertical 0.025 0.0 0.0 0.0 0.0
1 223 1 33 30 vertical 0.025 0.0 0.0 0.0 0.0
1 224 1 33 39 vertical 0.025 0.0 0.0 0.0 0.0
1 225 1 36 35 vertical 0.025 0.0 0.0 0.0 0.0
1 226 1 33 48 vertical 0.025 0.0 0.0 0.0 0.0
1 227 1 25 44 vertical 0.025 0.0 0.0 0.0 0.0
1 228 1 36 44 vertical 0.025 0.0 0.0 0.0 0.0
1 229 1 37 27 vertical 0.025 0.0 0.0 0.0 0.0
1 230 1 37 36 vertical 0.025 0.0 0.0 0.0 0.0
1 231 1 29 32 vertical 0.025 0.0 0.0 0.0 0.0
1 232 1 37 45 vertical 0.025 0.0 0.0 0.0 0.0
1 233 1 29 41 vertical 0.025 0.0 0.0 0.0 0.0
1 234 1 29 50 vertical 0.045 0.0 0.0 0.0 0.0
1 235 1 40 46 vertical 0.025 0.0 0.0 0.0 0.0
1 236 1 32 42 vertical 0.025 0.0 0.0 0.0 0.0
1 237 1 24 47 vertical 0.045 0.0 0.0 0.0 0.0
1 238 1 33 34 vertical 0.025 0.0 0.0 0.0 0.0
1 239 1 36 30 vertical 0.025 0.0 0.0 0.0 0.0
1 240 1 33 43 vertical 0.025 0.0 0.0 0.0 0.0
1 241 1 36 39 vertical 0.025 0.0 0.0 0.0 0.0
1 242 1 25 48 vertical 0.045 0.0 0.0 0.0 0.0
1 243 1 36 48 vertical 0.025 0.0 0.0 0.0 0.0
1 244 1 37 31 vertical 0.025 0.0 0.0 0.0 0.0
1 245 1 37 40 vertical 0.025 0.0 0.0 0.0 0.0
1 246 1 29 36 vertical 0.025 0.0 0.0 0.0 0.0
1 247 1 29 45 vertical 0.025 0.0 0.0 0.0 0.0
1 248 1 28 49 vertical 0.025 0.0 0.0 0.0 0.0
1 249 1 40 32 vertical 0.025 0.0 0.0 0.0 0.0
1 250 1 32 37 vertical 0.025 0.0 0.0 0.0 0.0
1 251 1 32 46 vertical 0.025 0.0 0.0 0.0 0.0
1 252 1 33 29 vertical 0.025 0.0 0.0 0.0 0.0
1 253 1 33 38 vertical 0.025 0.0 0.0 0.0 0.0
1 254 1 36 34 vertical 0.025 0.0 0.0 0.0 0.0
1 255 1 33 47 vertical 0.025 0.0 0.0 0.0 0.0
1 256 1 25 43 vertical 0.025 0.0 0.0 0.0 0.0
1 257 1 36 43 vertical 0.025 0.0 0.0 0.0 0.0
1 258 1 37 26 vertical 0.045 0.0 0.0 0.0 0.0
1 259 1 39 45 vertical 0.025 0.0 0.0 0.0 0.0
1 260 1 29 31 vertical 0.025 0.0 0.0 0.0 0.0
1 261 1 28 35 vertical 0.025 0.0 0.0 0.0 0.0
1 262 1 28 44 vertical 0.025 0.0 0.0 0.0 0.0
1 263 1 31 40 vertical 0.025 0.0 0.0 0.0 0.0
1 264 1 31 49 vertical 0.025 0.0 0.0 0.0 0.0
1 265 1 40 27 vertical 0.025 0.0 0.0 0.0 0.0
1 266 1 32 32 vertical 0.025 0.0 0.0 0.0 0.0
1 267 1 40 45 vertical 0.025 0.0 0.0 0.0 0.0
1 268 1 32 41 vertical 0.025 0.0 0.0 0.0 0.0
1 269 1 32 50 vertical 0.025 0.0 0.0 0.0 0.0
1 270 1 24 46 vertical 0.045 0.0 0.0 0.0 0.0
1 271 1 33 33 vertical 0.025 0.0 0.0 0.0 0.0
1 272 1 36 29 vertical 0.025 0.0 0.0 0.0 0.0
1 273 1 36 38 vertical 0.025 0.0 0.0 0.0 0.0
1 274 1 39 40 vertical 0.045 0.0 0.0 0.0 0.0
1 275 1 28 30 vertical 0.025 0.0 0.0 0.0 0.0
1 276 1 28 39 vertical 0.025 0.0 0.0 0.0 0.0
1 277 1 31 35 vertical 0.025 0.0 0.0 0.0 0.0
1 278 1 28 48 vertical 0.025 0.0 0.0 0.0 0.0
1 279 1 31 44 vertical 0.025 0.0 0.0 0.0 0.0
1 280 1 40 31 vertical 0.025 0.0 0.0 0.0 0.0
1 281 1 32 36 vertical 0.025 0.0 0.0 0.0 0.0
1 282 1 32 45 vertical 0.025 0.0 0.0 0.0 0.0
1 283 1 33 28 vertical 0.045 0.0 0.0 0.0 0.0
1 284 1 35 47 vertical 0.025 0.0 0.0 0.0 0.0
1 285 1 36 33 vertical 0.025 0.0 0.0 0.0 0.0
1 286 1 39 44 vertical 0.025 0.0 0.0 0.0 0.0
1 287 1 28 34 vertical 0.025 0.0 0.0 0.0 0.0
1 288 1 31 30 vertical 0.025 0.0 0.0 0.0 0.0
1 289 1 28 43 vertical 0.045 0.0 0.0 0.0 0.0
1 290 1 31 39 vertical 0.025 0.0 0.0 0.0 0.0
1 291 1 31 48 vertical 0.025 0.0 0.0 0.0 0.0
1 292 1 40 26 vertical 0.045 0.0 0.0 0.0 0.0
1 293 1 32 31 vertical 0.025 0.0 0.0 0.0 0.0
1 294 1 32 40 vertical 0.025 0.0 0.0 0.0 0.0
1 295 1 35 33 vertical 0.025 0.0 0.0 0.0 0.0
1 296 1 24 45 vertical 0.025 0.0 0.0 0.0 0.0
1 297 1 35 42 vertical 0.025 0.0 0.0 0.0 0.0
1 298 1 38 38 vertical 0.025 0.0 0.0 0.0 0.0
1 299 1 38 47 vertical 0.025 0.0 0.0 0.0 0.0
1 300 1 39 30 vertical 0.025 0.0 0.0 0.0 0.0
1 301 1 27 37 vertical 0.025 0.0 0.0 0.0 0.0
1 302 1 39 39 vertical 0.045 0.0 0.0 0.0 0.0
1 303 1 27 46 vertical 0.025 0.0 0.0 0.0 0.0
1 304 1 39 48 vertical 0.025 0.0 0.0 0.0 0.0
1 305 1 28 29 vertical 0.025 0.0 0.0 0.0 0.0
1 306 1 28 38 vertical 0.025 0.0 0.0 0.0 0.0
1 307 1 31 34 vertical 0.025 0.0 0.0 0.0 0.0
1 308 1 28 47 vertical 0.025 0.0 0.0 0.0 0.0
1 309 1 31 43 vertical 0.025 0.0 0.0 0.0 0.0
1 310 1 35 28 vertical 0.025 0.0 0.0 0.0 0.0
1 311 1 35 37 vertical 0.025 0.0 0.0 0.0 0.0
1 312 1 38 33 vertical 0.045 0.0 0.0 0.0 0.0
1 313 1 35 46 vertical 0.025 0.0 0.0 0.0 0.0
1 314 1 38 42 vertical 0.025 0.0 0.0 0.0 0.0
1 315 1 39 25 vertical 0.045 0.0 0.0 0.0 0.0
1 316 1 27 41 vertical 0.045 0.0 0.0 0.0 0.0
1 317 1 39 43 vertical 0.025 0.0 0.0 0.0 0.0
1 318 1 28 33 vertical 0.025 0.0 0.0 0.0 0.0
1 319 1 31 29 vertical 0.025 0.0 0.0 0.0 0.0
1 320 1 31 38 vertical 0.025 0.0 0.0 0.0 0.0
1 321 1 42 44 vertical 0.045 0.0 0.0 0.0 0.0
1 322 1 34 40 vertical 0.025 0.0 0.0 0.0 0.0
1 323 1 34 49 vertical 0.025 0.0 0.0 0.0 0.0
1 324 1 26 45 vertical 0.025 0.0 0.0 0.0 0.0
1 325 1 35 32 vertical 0.025 0.0 0.0 0.0 0.0
1 326 1 38 28 vertical 0.025 0.0 0.0 0.0 0.0
1 327 1 35 41 vertical 0.025 0.0 0.0 0.0 0.0
1 328 1 38 37 vertical 0.025 0.0 0.0 0.0 0.0
1 329 1 35 50 vertical 0.045 0.0 0.0 0.0 0.0
1 330 1 38 46 vertical 0.025 0.0 0.0 0.0 0.0
1 331 1 39 29 vertical 0.025 0.0 0.0 0.0 0.0
1 332 1 27 36 vertical 0.025 0.0 0.0 0.0 0.0
1 333 1 39 38 vertical 0.045 0.0 0.0 0.0 0.0
1 334 1 27 45 vertical 0.025 0.0 0.0 0.0 0.0
1 335 1 28 28 vertical 0.045 0.0 0.0 0.0 0.0
1 336 1 30 47 vertical 0.025 0.0 0.0 0.0 0.0
1 337 1 41 47 vertical 0.045 0.0 0.0 0.0 0.0
1 338 1 31 33 vertical 0.025 0.0 0.0 0.0 0.0
1 339 1 42 30 vertical 0.025 0.0 0.0 0.0 0.0
1 340 1 34 35 vertical 0.025 0.0 0.0 0.0 0.0
1 341 1 34 44 vertical 0.025 0.0 0.0 0.0 0.0
1 342 1 35 36 vertical 0.025 0.0 0.0 0.0 0.0
1 343 1 38 32 vertical 0.025 0.0 0.0 0.0 0.0
1 344 1 35 45 vertical 0.025 0.0 0.0 0.0 0.0
1 345 1 38 41 vertical 0.025 0.0 0.0 0.0 0.0
